5.177000000000000313e+01
5.374000000000000199e+01
5.010000000000000142e+01
4.782000000000000028e+01
5.422999999999999687e+01
2.264999999999999858e+01
3.334000000000000341e+01
1.792999999999999972e+01
2.260000000000000142e+01
5.214999999999999858e+01
1.399000000000000021e+01
2.066000000000000014e+01
1.746000000000000085e+01
5.228999999999999915e+01
3.502000000000000313e+01
5.725000000000000000e+01
2.387999999999999901e+01
3.759000000000000341e+01
5.132999999999999829e+01
4.517000000000000171e+01
5.177000000000000313e+01
5.374000000000000199e+01
5.010000000000000142e+01
4.782000000000000028e+01
5.422999999999999687e+01
2.264999999999999858e+01
3.334000000000000341e+01
1.792999999999999972e+01
2.260000000000000142e+01
5.214999999999999858e+01
1.399000000000000021e+01
2.066000000000000014e+01
1.746000000000000085e+01
5.228999999999999915e+01
3.502000000000000313e+01
5.725000000000000000e+01
2.387999999999999901e+01
3.759000000000000341e+01
5.132999999999999829e+01
4.517000000000000171e+01
1.283999999999999986e+01
3.732000000000000028e+01
3.051999999999999957e+01
2.526999999999999957e+01
3.453000000000000114e+01
5.464000000000000057e+01
2.250000000000000000e+01
5.313000000000000256e+01
4.029999999999999716e+01
4.417999999999999972e+01
1.766000000000000014e+01
3.105000000000000071e+01
2.382000000000000028e+01
3.689000000000000057e+01
1.593999999999999950e+01
3.328999999999999915e+01
1.801999999999999957e+01
1.962999999999999901e+01
5.221999999999999886e+01
3.363000000000000256e+01
5.731000000000000227e+01
2.641000000000000014e+01
4.760999999999999943e+01
2.310999999999999943e+01
4.507000000000000028e+01
3.176999999999999957e+01
5.027000000000000313e+01
1.426999999999999957e+01
4.417999999999999972e+01
1.878000000000000114e+01
2.551999999999999957e+01
1.628000000000000114e+01
3.112000000000000099e+01
1.948999999999999844e+01
1.726999999999999957e+01
1.908999999999999986e+01
5.613000000000000256e+01
5.640999999999999659e+01
5.650000000000000000e+01
4.521999999999999886e+01
3.815999999999999659e+01
5.410999999999999943e+01
4.296000000000000085e+01
2.389000000000000057e+01
1.676999999999999957e+01
2.058999999999999986e+01
3.713000000000000256e+01
5.606000000000000227e+01
5.810999999999999943e+01
4.904999999999999716e+01
4.075999999999999801e+01
1.973000000000000043e+01
3.224000000000000199e+01
4.182999999999999829e+01
3.957999999999999829e+01
3.925000000000000000e+01
2.501999999999999957e+01
5.103999999999999915e+01
1.982999999999999829e+01
5.039999999999999858e+01
1.360999999999999943e+01
1.333999999999999986e+01
1.896999999999999886e+01
3.628000000000000114e+01
1.016000000000000014e+01
1.543999999999999950e+01
4.840999999999999659e+01
4.635000000000000142e+01
1.407000000000000028e+01
1.485999999999999943e+01
3.336999999999999744e+01
5.639999999999999858e+01
1.401999999999999957e+01
4.690999999999999659e+01
4.560999999999999943e+01
1.992000000000000171e+01
4.010999999999999943e+01
5.389999999999999858e+01
3.567000000000000171e+01
2.200000000000000000e+01
5.735999999999999943e+01
2.917000000000000171e+01
5.463000000000000256e+01
4.603000000000000114e+01
3.396999999999999886e+01
2.210999999999999943e+01
2.969000000000000128e+01
1.597000000000000064e+01
2.196000000000000085e+01
5.435000000000000142e+01
3.796999999999999886e+01
5.199000000000000199e+01
4.328999999999999915e+01
3.671999999999999886e+01
1.707999999999999829e+01
2.914000000000000057e+01
2.880999999999999872e+01
4.946000000000000085e+01
3.792000000000000171e+01
2.808999999999999986e+01
3.080999999999999872e+01
4.295000000000000284e+01
5.675999999999999801e+01
1.664000000000000057e+01
5.553000000000000114e+01
2.812999999999999901e+01
5.236999999999999744e+01
5.400000000000000000e+01
2.187000000000000099e+01
4.329999999999999716e+01
2.103999999999999915e+01
4.160000000000000142e+01
3.507000000000000028e+01
5.964000000000000057e+01
5.271999999999999886e+01
5.807999999999999829e+01
2.412000000000000099e+01
4.214999999999999858e+01
1.260999999999999943e+01
1.744000000000000128e+01
3.314000000000000057e+01
2.737000000000000099e+01
5.135999999999999943e+01
3.600000000000000000e+01
1.065000000000000036e+01
4.353999999999999915e+01
3.821000000000000085e+01
3.734000000000000341e+01
4.410000000000000142e+01
4.328999999999999915e+01
5.585000000000000142e+01
3.760000000000000142e+01
1.097000000000000064e+01
4.182000000000000028e+01
3.695000000000000284e+01
4.428000000000000114e+01
5.502000000000000313e+01
1.723999999999999844e+01
2.314999999999999858e+01
4.125000000000000000e+01
3.200000000000000000e+01
3.849000000000000199e+01
3.334000000000000341e+01
1.092999999999999972e+01
2.755000000000000071e+01
5.599000000000000199e+01
1.623999999999999844e+01
2.612000000000000099e+01
1.223000000000000043e+01
2.398999999999999844e+01
2.905999999999999872e+01
2.026999999999999957e+01
4.354999999999999716e+01
3.693999999999999773e+01
2.046999999999999886e+01
4.106000000000000227e+01
1.418999999999999950e+01
3.828000000000000114e+01
4.104999999999999716e+01
3.025000000000000000e+01
2.826000000000000156e+01
1.075999999999999979e+01
1.685000000000000142e+01
1.347000000000000064e+01
4.856000000000000227e+01
1.914999999999999858e+01
5.735999999999999943e+01
4.297999999999999687e+01
2.216000000000000014e+01
4.942999999999999972e+01
2.998999999999999844e+01
2.135999999999999943e+01
2.900000000000000000e+01
5.353000000000000114e+01
4.161999999999999744e+01
5.459000000000000341e+01
3.495000000000000284e+01
3.771999999999999886e+01
3.560999999999999943e+01
4.215999999999999659e+01
1.919000000000000128e+01
1.942999999999999972e+01
4.946000000000000085e+01
3.779999999999999716e+01
3.080000000000000071e+01
2.742999999999999972e+01
1.110999999999999943e+01
3.650000000000000000e+01
1.538000000000000078e+01
1.548000000000000043e+01
4.682000000000000028e+01
1.846000000000000085e+01
3.657999999999999829e+01
5.053999999999999915e+01
1.250999999999999979e+01
2.469999999999999929e+01
4.360999999999999943e+01
3.734000000000000341e+01
1.435999999999999943e+01
5.264999999999999858e+01
3.820000000000000284e+01
1.960000000000000142e+01
5.389999999999999858e+01
1.296000000000000085e+01
3.710000000000000142e+01
4.631000000000000227e+01
4.595000000000000284e+01
2.207999999999999829e+01
2.537999999999999901e+01
2.712000000000000099e+01
4.303999999999999915e+01
5.679999999999999716e+01
2.591000000000000014e+01
3.260999999999999943e+01
2.787999999999999901e+01
5.267000000000000171e+01
4.602000000000000313e+01
4.447999999999999687e+01
3.739999999999999858e+01
5.403999999999999915e+01
1.687999999999999901e+01
2.807999999999999829e+01
1.040000000000000036e+01
4.407000000000000028e+01
2.339999999999999858e+01
1.742999999999999972e+01
5.421000000000000085e+01
4.067000000000000171e+01
5.225999999999999801e+01
2.876999999999999957e+01
1.382000000000000028e+01
2.585000000000000142e+01
4.878000000000000114e+01
3.535000000000000142e+01
4.472999999999999687e+01
1.576999999999999957e+01
3.924000000000000199e+01
1.391999999999999993e+01
1.068999999999999950e+01
4.521000000000000085e+01
4.557999999999999829e+01
1.189000000000000057e+01
2.641000000000000014e+01
3.950000000000000000e+01
4.474000000000000199e+01
5.278999999999999915e+01
3.542999999999999972e+01
5.584000000000000341e+01
4.886999999999999744e+01
4.678000000000000114e+01
4.782000000000000028e+01
2.548000000000000043e+01
2.357000000000000028e+01
5.089000000000000057e+01
1.056000000000000050e+01
5.214999999999999858e+01
1.828000000000000114e+01
1.183000000000000007e+01
2.194999999999999929e+01
3.839000000000000057e+01
4.156000000000000227e+01
2.448000000000000043e+01
4.035999999999999943e+01
2.889999999999999858e+01
3.760999999999999943e+01
3.885000000000000142e+01
5.395000000000000284e+01
4.982999999999999829e+01
5.150999999999999801e+01
1.803000000000000114e+01
2.914000000000000057e+01
4.690999999999999659e+01
2.678999999999999915e+01
1.628000000000000114e+01
1.955000000000000071e+01
2.964999999999999858e+01
2.598000000000000043e+01
1.059999999999999964e+01
1.475000000000000000e+01
4.702000000000000313e+01
2.882000000000000028e+01
5.878999999999999915e+01
1.023000000000000043e+01
3.003000000000000114e+01
4.584000000000000341e+01
4.904999999999999716e+01
1.506000000000000050e+01
4.646999999999999886e+01
2.708999999999999986e+01
5.761999999999999744e+01
1.439000000000000057e+01
5.175000000000000000e+01
5.407000000000000028e+01
5.535000000000000142e+01
4.011999999999999744e+01
3.750999999999999801e+01
1.121000000000000085e+01
3.657999999999999829e+01
4.771999999999999886e+01
2.501000000000000156e+01
2.212999999999999901e+01
4.414000000000000057e+01
5.602000000000000313e+01
1.123000000000000043e+01
4.328000000000000114e+01
4.727000000000000313e+01
2.028999999999999915e+01
5.082999999999999829e+01
3.185000000000000142e+01
4.622999999999999687e+01
3.779999999999999716e+01
4.932000000000000028e+01
3.200999999999999801e+01
2.801000000000000156e+01
5.061999999999999744e+01
1.703000000000000114e+01
4.879999999999999716e+01
5.814000000000000057e+01
3.420000000000000284e+01
5.147999999999999687e+01
2.987000000000000099e+01
1.090000000000000036e+01
5.636999999999999744e+01
4.835000000000000142e+01
1.673000000000000043e+01
5.647999999999999687e+01
4.078999999999999915e+01
3.971999999999999886e+01
1.458000000000000007e+01
5.550999999999999801e+01
2.180000000000000071e+01
1.333000000000000007e+01
3.872999999999999687e+01
3.785999999999999943e+01
1.152999999999999936e+01
2.705999999999999872e+01
1.385999999999999943e+01
3.754999999999999716e+01
3.229999999999999716e+01
4.628999999999999915e+01
2.619999999999999929e+01
3.325999999999999801e+01
5.914999999999999858e+01
3.942999999999999972e+01
1.443999999999999950e+01
5.653999999999999915e+01
5.989999999999999858e+01
1.188000000000000078e+01
4.804999999999999716e+01
2.121000000000000085e+01
4.967000000000000171e+01
4.314000000000000057e+01
3.696999999999999886e+01
2.680000000000000071e+01
1.571000000000000085e+01
5.464999999999999858e+01
5.435999999999999943e+01
3.528000000000000114e+01
2.055000000000000071e+01
5.832000000000000028e+01
1.183999999999999986e+01
4.146000000000000085e+01
2.010000000000000142e+01
5.685999999999999943e+01
5.650999999999999801e+01
4.082999999999999829e+01
4.864000000000000057e+01
5.947999999999999687e+01
3.900999999999999801e+01
3.877000000000000313e+01
4.839000000000000057e+01
2.726000000000000156e+01
1.167999999999999972e+01
5.945000000000000284e+01
2.100000000000000000e+01
5.397999999999999687e+01
4.874000000000000199e+01
2.114999999999999858e+01
1.371000000000000085e+01
4.767000000000000171e+01
1.333999999999999986e+01
1.689000000000000057e+01
2.717999999999999972e+01
1.728000000000000114e+01
4.514000000000000057e+01
4.085000000000000142e+01
2.046000000000000085e+01
5.627000000000000313e+01
4.849000000000000199e+01
5.134000000000000341e+01
1.633999999999999986e+01
2.050000000000000000e+01
2.158999999999999986e+01
2.135999999999999943e+01
2.087999999999999901e+01
1.953000000000000114e+01
1.475000000000000000e+01
4.847999999999999687e+01
2.457000000000000028e+01
4.971000000000000085e+01
4.827000000000000313e+01
5.804999999999999716e+01
5.886999999999999744e+01
1.182000000000000028e+01
2.803000000000000114e+01
4.404999999999999716e+01
1.233999999999999986e+01
1.667999999999999972e+01
5.590999999999999659e+01
2.457000000000000028e+01
5.297999999999999687e+01
5.439999999999999858e+01
5.481000000000000227e+01
2.507999999999999829e+01
1.041000000000000014e+01
4.743999999999999773e+01
2.091000000000000014e+01
3.395000000000000284e+01
4.367999999999999972e+01
3.322999999999999687e+01
3.592000000000000171e+01
4.863000000000000256e+01
5.663000000000000256e+01
5.049000000000000199e+01
3.578999999999999915e+01
3.406000000000000227e+01
1.776000000000000156e+01
3.935999999999999943e+01
3.693999999999999773e+01
4.361999999999999744e+01
4.302000000000000313e+01
2.844999999999999929e+01
4.139000000000000057e+01
5.114999999999999858e+01
3.588000000000000256e+01
3.690999999999999659e+01
2.892999999999999972e+01
3.889000000000000057e+01
5.832999999999999829e+01
3.967000000000000171e+01
1.409999999999999964e+01
2.182000000000000028e+01
5.421000000000000085e+01
3.119000000000000128e+01
5.364000000000000057e+01
3.639000000000000057e+01
5.853999999999999915e+01
2.948000000000000043e+01
2.505999999999999872e+01
1.255000000000000071e+01
2.903999999999999915e+01
4.071999999999999886e+01
4.504999999999999716e+01
4.713000000000000256e+01
2.021999999999999886e+01
5.647999999999999687e+01
4.421000000000000085e+01
2.196000000000000085e+01
4.045000000000000284e+01
1.028999999999999915e+01
5.285999999999999943e+01
5.564999999999999858e+01
4.364000000000000057e+01
2.841000000000000014e+01
3.750999999999999801e+01
1.144999999999999929e+01
1.921999999999999886e+01
5.690999999999999659e+01
5.506000000000000227e+01
1.319999999999999929e+01
5.363000000000000256e+01
4.447999999999999687e+01
1.208000000000000007e+01
2.214000000000000057e+01
2.537000000000000099e+01
4.632999999999999829e+01
3.732999999999999829e+01
2.555000000000000071e+01
3.471999999999999886e+01
3.596000000000000085e+01
4.114000000000000057e+01
1.000999999999999979e+01
3.604999999999999716e+01
4.903000000000000114e+01
1.623999999999999844e+01
3.954999999999999716e+01
3.567000000000000171e+01
1.662000000000000099e+01
4.278000000000000114e+01
5.229999999999999716e+01
3.234000000000000341e+01
3.317000000000000171e+01
2.012000000000000099e+01
2.089999999999999858e+01
2.089999999999999858e+01
4.020000000000000284e+01
5.286999999999999744e+01
5.174000000000000199e+01
3.440999999999999659e+01
3.238000000000000256e+01
5.035000000000000142e+01
1.138000000000000078e+01
4.357999999999999829e+01
4.967000000000000171e+01
2.876999999999999957e+01
1.322000000000000064e+01
5.117000000000000171e+01
3.960999999999999943e+01
5.742999999999999972e+01
4.600999999999999801e+01
2.825000000000000000e+01
3.704999999999999716e+01
1.957000000000000028e+01
4.513000000000000256e+01
4.664000000000000057e+01
1.216000000000000014e+01
2.089000000000000057e+01
1.796999999999999886e+01
5.260000000000000142e+01
2.576999999999999957e+01
4.818999999999999773e+01
2.992999999999999972e+01
4.434000000000000341e+01
5.239999999999999858e+01
4.481000000000000227e+01
5.784000000000000341e+01
3.967000000000000171e+01
5.502000000000000313e+01
2.480000000000000071e+01
5.945000000000000284e+01
3.157999999999999829e+01
4.327000000000000313e+01
3.734000000000000341e+01
1.780000000000000071e+01
3.053999999999999915e+01
1.876999999999999957e+01
4.685000000000000142e+01
1.578999999999999915e+01
1.026999999999999957e+01
1.541999999999999993e+01
5.992000000000000171e+01
5.096000000000000085e+01
3.060000000000000142e+01
1.926999999999999957e+01
4.657999999999999829e+01
4.850999999999999801e+01
1.901999999999999957e+01
3.838000000000000256e+01
4.997999999999999687e+01
4.649000000000000199e+01
1.832000000000000028e+01
4.214000000000000057e+01
5.659000000000000341e+01
2.096000000000000085e+01
4.032000000000000028e+01
3.639000000000000057e+01
5.854999999999999716e+01
3.960999999999999943e+01
2.130000000000000071e+01
5.688000000000000256e+01
3.296999999999999886e+01
4.731000000000000227e+01
4.867000000000000171e+01
4.172999999999999687e+01
5.367999999999999972e+01
1.464000000000000057e+01
3.839999999999999858e+01
1.508000000000000007e+01
3.057000000000000028e+01
5.774000000000000199e+01
1.105000000000000071e+01
2.857999999999999829e+01
4.290999999999999659e+01
2.473000000000000043e+01
5.590999999999999659e+01
1.375999999999999979e+01
4.556000000000000227e+01
4.721999999999999886e+01
5.600000000000000000e+01
4.457999999999999829e+01
3.450000000000000000e+01
1.133000000000000007e+01
3.877000000000000313e+01
1.183000000000000007e+01
4.550999999999999801e+01
4.181000000000000227e+01
2.514999999999999858e+01
3.421999999999999886e+01
1.623000000000000043e+01
1.148000000000000043e+01
2.337000000000000099e+01
1.628000000000000114e+01
3.162999999999999901e+01
2.491000000000000014e+01
2.253999999999999915e+01
2.362999999999999901e+01
1.311999999999999922e+01
5.997999999999999687e+01
3.148999999999999844e+01
1.551999999999999957e+01
4.813000000000000256e+01
3.813000000000000256e+01
3.654999999999999716e+01
2.332000000000000028e+01
1.632999999999999829e+01
3.242000000000000171e+01
1.696000000000000085e+01
2.237000000000000099e+01
4.227000000000000313e+01
3.870000000000000284e+01
3.563000000000000256e+01
5.800000000000000000e+01
5.240999999999999659e+01
3.235000000000000142e+01
2.075000000000000000e+01
1.748999999999999844e+01
3.413000000000000256e+01
5.881000000000000227e+01
1.000000000000000000e+01
5.121999999999999886e+01
5.859000000000000341e+01
3.130000000000000071e+01
4.642000000000000171e+01
1.721000000000000085e+01
1.078999999999999915e+01
5.235000000000000142e+01
2.787999999999999901e+01
5.025999999999999801e+01
5.999000000000000199e+01
2.832000000000000028e+01
3.871000000000000085e+01
2.985000000000000142e+01
1.482000000000000028e+01
1.680999999999999872e+01
2.823000000000000043e+01
5.210999999999999943e+01
2.787999999999999901e+01
5.971000000000000085e+01
4.607999999999999829e+01
1.373000000000000043e+01
4.839000000000000057e+01
4.945000000000000284e+01
1.967000000000000171e+01
1.235999999999999943e+01
2.001999999999999957e+01
1.275000000000000000e+01
4.750999999999999801e+01
2.044000000000000128e+01
3.478999999999999915e+01
2.807000000000000028e+01
2.501000000000000156e+01
1.390000000000000036e+01
2.417000000000000171e+01
3.162999999999999901e+01
4.875000000000000000e+01
1.474000000000000021e+01
3.249000000000000199e+01
2.780000000000000071e+01
2.676999999999999957e+01
5.043999999999999773e+01
3.492999999999999972e+01
1.286999999999999922e+01
4.893999999999999773e+01
1.338000000000000078e+01
5.863000000000000256e+01
2.194000000000000128e+01
2.657999999999999829e+01
5.721999999999999886e+01
5.642999999999999972e+01
5.564999999999999858e+01
2.762000000000000099e+01
4.956000000000000227e+01
3.477000000000000313e+01
1.773000000000000043e+01
2.180000000000000071e+01
4.602000000000000313e+01
1.812999999999999901e+01
3.089000000000000057e+01
3.194999999999999929e+01
2.403999999999999915e+01
3.235999999999999943e+01
2.107000000000000028e+01
5.065999999999999659e+01
1.366000000000000014e+01
5.809000000000000341e+01
3.000000000000000000e+01
3.274000000000000199e+01
4.192999999999999972e+01
4.279999999999999716e+01
5.350999999999999801e+01
2.321000000000000085e+01
2.114000000000000057e+01
5.607000000000000028e+01
1.441000000000000014e+01
4.575000000000000000e+01
1.576999999999999957e+01
1.001999999999999957e+01
4.877000000000000313e+01
5.785999999999999943e+01
2.358999999999999986e+01
2.305000000000000071e+01
5.554999999999999716e+01
5.864000000000000057e+01
2.321000000000000085e+01
4.257000000000000028e+01
1.091999999999999993e+01
3.477000000000000313e+01
3.565999999999999659e+01
3.718999999999999773e+01
1.225000000000000000e+01
2.969999999999999929e+01
3.679999999999999716e+01
4.542999999999999972e+01
2.626000000000000156e+01
4.492000000000000171e+01
5.253000000000000114e+01
3.725000000000000000e+01
2.092999999999999972e+01
5.809000000000000341e+01
4.359000000000000341e+01
3.392000000000000171e+01
5.554999999999999716e+01
2.964000000000000057e+01
2.741000000000000014e+01
5.250999999999999801e+01
4.779999999999999716e+01
1.453999999999999915e+01
4.953000000000000114e+01
4.357999999999999829e+01
1.230000000000000071e+01
4.946999999999999886e+01
2.214000000000000057e+01
5.747999999999999687e+01
4.345000000000000284e+01
2.212999999999999901e+01
1.302999999999999936e+01
5.735000000000000142e+01
4.428999999999999915e+01
5.225000000000000000e+01
2.632999999999999829e+01
2.296000000000000085e+01
1.921000000000000085e+01
2.678000000000000114e+01
4.132000000000000028e+01
2.455000000000000071e+01
1.626000000000000156e+01
4.784000000000000341e+01
5.349000000000000199e+01
4.484000000000000341e+01
5.371000000000000085e+01
2.342999999999999972e+01
3.432000000000000028e+01
2.210000000000000142e+01
2.582999999999999829e+01
3.674000000000000199e+01
4.950999999999999801e+01
4.896000000000000085e+01
5.461999999999999744e+01
2.471999999999999886e+01
4.645000000000000284e+01
5.232999999999999829e+01
3.060000000000000142e+01
1.457000000000000028e+01
4.628999999999999915e+01
2.157000000000000028e+01
1.291000000000000014e+01
5.010999999999999943e+01
4.167000000000000171e+01
4.488000000000000256e+01
1.109999999999999964e+01
2.853999999999999915e+01
1.907000000000000028e+01
4.354999999999999716e+01
4.363000000000000256e+01
3.913000000000000256e+01
5.667999999999999972e+01
1.416000000000000014e+01
3.144999999999999929e+01
2.460999999999999943e+01
3.286999999999999744e+01
4.017000000000000171e+01
1.350999999999999979e+01
3.895000000000000284e+01
3.169000000000000128e+01
2.939999999999999858e+01
5.782999999999999829e+01
5.546000000000000085e+01
5.760000000000000142e+01
3.497999999999999687e+01
1.186999999999999922e+01
1.247000000000000064e+01
3.325999999999999801e+01
5.903999999999999915e+01
2.612999999999999901e+01
2.219999999999999929e+01
4.510999999999999943e+01
4.368999999999999773e+01
2.501999999999999957e+01
5.550000000000000000e+01
5.303999999999999915e+01
4.496999999999999886e+01
4.238000000000000256e+01
2.010999999999999943e+01
5.670000000000000284e+01
4.100000000000000000e+01
2.885000000000000142e+01
4.996999999999999886e+01
1.969000000000000128e+01
2.887999999999999901e+01
3.314000000000000057e+01
4.370000000000000284e+01
5.489000000000000057e+01
3.752000000000000313e+01
5.107000000000000028e+01
4.407000000000000028e+01
1.078999999999999915e+01
4.271999999999999886e+01
2.666000000000000014e+01
3.760000000000000142e+01
4.221000000000000085e+01
4.682999999999999829e+01
4.517000000000000171e+01
5.121999999999999886e+01
2.128000000000000114e+01
1.535999999999999943e+01
3.861999999999999744e+01
2.539999999999999858e+01
4.386999999999999744e+01
1.873999999999999844e+01
5.485999999999999943e+01
5.261999999999999744e+01
5.147999999999999687e+01
1.527999999999999936e+01
3.924000000000000199e+01
1.780999999999999872e+01
5.602000000000000313e+01
2.389999999999999858e+01
4.913000000000000256e+01
1.061999999999999922e+01
3.617000000000000171e+01
5.995000000000000284e+01
2.608999999999999986e+01
3.735000000000000142e+01
2.471999999999999886e+01
3.528000000000000114e+01
5.132000000000000028e+01
2.112000000000000099e+01
2.735000000000000142e+01
2.173999999999999844e+01
4.086999999999999744e+01
4.931000000000000227e+01
2.210999999999999943e+01
2.078999999999999915e+01
2.741000000000000014e+01
3.835000000000000142e+01
2.155000000000000071e+01
3.802000000000000313e+01
2.205999999999999872e+01
1.066000000000000014e+01
5.657999999999999829e+01
3.682999999999999829e+01
3.500999999999999801e+01
3.048000000000000043e+01
1.408000000000000007e+01
3.121999999999999886e+01
5.428999999999999915e+01
3.103999999999999915e+01
5.096000000000000085e+01
1.189000000000000057e+01
3.137999999999999901e+01
5.481000000000000227e+01
1.678000000000000114e+01
2.442000000000000171e+01
1.175000000000000000e+01
2.001999999999999957e+01
1.285999999999999943e+01
3.157999999999999829e+01
3.400000000000000000e+01
5.742000000000000171e+01
5.346999999999999886e+01
1.164000000000000057e+01
5.288000000000000256e+01
1.851000000000000156e+01
4.132000000000000028e+01
3.977000000000000313e+01
5.196000000000000085e+01
3.950999999999999801e+01
1.540000000000000036e+01
5.382000000000000028e+01
3.094999999999999929e+01
5.782000000000000028e+01
4.417999999999999972e+01
4.871000000000000085e+01
1.969000000000000128e+01
3.652000000000000313e+01
4.156000000000000227e+01
4.318999999999999773e+01
1.233999999999999986e+01
3.625000000000000000e+01
2.944999999999999929e+01
3.456000000000000227e+01
5.411999999999999744e+01
3.378000000000000114e+01
2.964000000000000057e+01
5.770000000000000284e+01
3.634000000000000341e+01
5.059000000000000341e+01
2.937999999999999901e+01
4.542000000000000171e+01
5.442999999999999972e+01
3.625999999999999801e+01
1.616000000000000014e+01
3.628999999999999915e+01
2.789000000000000057e+01
1.228999999999999915e+01
1.584999999999999964e+01
1.440000000000000036e+01
1.917999999999999972e+01
1.064000000000000057e+01
1.475999999999999979e+01
5.749000000000000199e+01
3.066000000000000014e+01
4.082999999999999829e+01
1.887999999999999901e+01
2.582999999999999829e+01
4.211999999999999744e+01
1.333000000000000007e+01
4.239999999999999858e+01
5.835000000000000142e+01
2.171999999999999886e+01
4.490999999999999659e+01
3.746000000000000085e+01
2.848000000000000043e+01
2.833999999999999986e+01
4.696000000000000085e+01
2.496000000000000085e+01
2.171000000000000085e+01
2.987000000000000099e+01
2.898999999999999844e+01
5.293999999999999773e+01
3.235999999999999943e+01
5.565999999999999659e+01
3.945000000000000284e+01
4.710999999999999943e+01
5.875000000000000000e+01
3.892000000000000171e+01
3.939000000000000057e+01
2.589000000000000057e+01
2.833999999999999986e+01
2.769999999999999929e+01
2.489000000000000057e+01
5.899000000000000199e+01
5.720000000000000284e+01
3.842999999999999972e+01
3.474000000000000199e+01
4.043999999999999773e+01
4.524000000000000199e+01
3.496000000000000085e+01
5.675999999999999801e+01
4.028000000000000114e+01
3.800000000000000000e+01
2.880000000000000071e+01
3.924000000000000199e+01
3.292999999999999972e+01
5.132000000000000028e+01
4.709000000000000341e+01
2.842000000000000171e+01
2.285000000000000142e+01
4.124000000000000199e+01
3.907000000000000028e+01
2.982000000000000028e+01
3.725999999999999801e+01
2.030000000000000071e+01
3.464999999999999858e+01
4.338000000000000256e+01
5.553000000000000114e+01
5.706000000000000227e+01
1.696999999999999886e+01
5.397999999999999687e+01
2.607999999999999829e+01
